MemSizeFV746
MemSize1615
MemSize1615
MemSize1580
MemSize1580
342 256 108145077 0 0 336204 17.9329 2207275 7.90938 10.0022 0 0 0 0 0 0 0 0
MemSizeFV342
MemSize2801
MemSize2801
MemSize2801
MemSize2801
342 256 26787 10000000 0 7056 3.0078 14335 1.03677 1.61437 0 0 0 0 0 0 0 0
MemSizeFV535
MemSize2325
MemSize2325
MemSize2325
MemSize2325
342 256 103352022 0 0 83060 10.9412 163860 0.932202 10.003 0 0 0 0 0 0 0 0
MemSizeFV478
MemSize677
MemSize677
MemSize677
MemSize677
342 256 91442934 0 0 65537 12.2729 2701133 2.2663 10.0024 0 0 0 0 0 0 0 0
MemSizeFV1520
MemSize6820
MemSize6820
MemSize6820
MemSize6820
342 256 165272 10000000 0 55826 6.51885 82250 3.0556 3.43762 0 0 0 0 0 0 0 0
MemSizeFV2389
MemSize6443
MemSize6443
MemSize6443
MemSize6443
342 256 141693630 0 0 212076 18.6523 447102 8.64393 10.0045 0 0 0 0 0 0 0 0
MemSizeFV802
MemSize1771
MemSize1771
MemSize1728
MemSize1728
321 256 120424145 0 0 273572 18.726 1356274 8.68413 10.0025 0 0 0 0 0 0 0 0
MemSizeFV229
MemSize754
MemSize754
MemSize754
MemSize754
321 256 70799901 0 0 17406 10.7181 37181 0.66368 10.0029 0 0 0 0 0 0 0 0
MemSizeFV537
MemSize2475
MemSize2475
MemSize2475
MemSize2475
321 256 150111456 0 0 75007 10.9466 142556 0.935328 10.0028 0 0 0 0 0 0 0 0
MemSizeFV518
MemSize918
MemSize918
MemSize918
MemSize918
321 256 130299327 0 0 67383 13.3303 6613237 3.32575 10.0027 0 0 0 0 0 0 0 0
MemSizeFV1820
MemSize13647
MemSize13647
MemSize13647
MemSize13647
321 256 14890885 0 0 20752 14.7071 23747 4.57414 10.0034 0 0 0 0 0 0 0 0
MemSizeFV2405
MemSize7026
MemSize7026
MemSize6985
MemSize6985
321 256 146735401 0 0 198263 18.4297 405891 8.41635 10.0046 0 0 0 0 0 0 0 0
MemSizeFV725
MemSize1605
MemSize1605
MemSize1605
MemSize1605
46 256 146544411 0 0 330104 17.8873 2477156 7.85644 10.0027 0 0 0 0 0 0 0 0
MemSizeFV232
MemSize809
MemSize809
MemSize809
MemSize809
46 256 71381396 0 0 15696 10.7017 33584 0.649836 10.0034 0 0 0 0 0 0 0 0
MemSizeFV559
MemSize3813
MemSize3813
MemSize3813
MemSize3813
46 256 143428105 0 0 53850 11.1694 87988 1.16209 10.0032 0 0 0 0 0 0 0 0
MemSizeFV609
MemSize1083
MemSize1083
MemSize1083
MemSize1083
46 256 98220373 0 0 66405 13.9948 6910769 3.99009 10.0026 0 0 0 0 0 0 0 0
MemSizeFV1588
MemSize8439
MemSize8439
MemSize8439
MemSize8439
46 256 60407119 0 0 12647 13.3803 20641 3.35545 10.0031 0 0 0 0 0 0 0 0
MemSizeFV2421
MemSize7329
MemSize7329
MemSize7329
MemSize7329
46 256 116334821 0 0 138867 18.6147 275329 8.59722 10.0044 0 0 0 0 0 0 0 0
MemSizeFV721
MemSize1585
MemSize1585
MemSize1585
MemSize1585
267 256 113856733 0 0 330790 17.4045 2458423 7.36919 10.0073 0 0 0 0 0 0 0 0
MemSizeFV232
MemSize825
MemSize825
MemSize825
MemSize825
267 256 81647812 0 0 11352 10.7955 27602 0.740904 10.0024 0 0 0 0 0 0 0 0
MemSizeFV543
MemSize2792
MemSize2792
MemSize2792
MemSize2792
267 256 114334802 0 0 68558 11.0203 120044 1.01252 10.0032 0 0 0 0 0 0 0 0
MemSizeFV449
MemSize725
MemSize725
MemSize725
MemSize725
267 256 119677778 0 0 68859 12.6475 4141644 2.64286 10.0021 0 0 0 0 0 0 0 0
MemSizeFV1552
MemSize7784
MemSize7784
MemSize7784
MemSize7784
267 256 70356328 0 0 7867 12.9516 18244 2.89195 10.0031 0 0 0 0 0 0 0 0
MemSizeFV2428
MemSize7485
MemSize7485
MemSize7485
MemSize7485
267 256 494538 10000002 0 145326 12.9334 249520 8.43507 4.48419 0 0 0 0 0 0 0 0
MemSizeFV874
MemSize1988
MemSize1988
MemSize1988
MemSize1988
52 256 117882749 0 0 326321 17.8203 2010932 7.78328 10.0037 0 0 0 0 0 0 0 0
MemSizeFV238
MemSize918
MemSize918
MemSize918
MemSize918
52 256 37299468 0 0 9605 10.7084 21029 0.664391 10.0033 0 0 0 0 0 0 0 0
MemSizeFV543
MemSize2817
MemSize2817
MemSize2817
MemSize2817
52 256 134217260 0 0 75455 10.9791 130482 0.971625 10.003 0 0 0 0 0 0 0 0
MemSizeFV623
MemSize1078
MemSize1078
MemSize1078
MemSize1078
52 256 110059243 0 0 67386 14.1043 6672569 4.09222 10.0022 0 0 0 0 0 0 0 0
MemSizeFV1481
MemSize6080
MemSize6080
MemSize6080
MemSize6080
52 256 94173623 0 0 29159 12.7491 46851 2.72601 10.0032 0 0 0 0 0 0 0 0
MemSizeFV2396
MemSize6897
MemSize6897
MemSize6897
MemSize6897
52 256 14335054 10000000 0 148169 14.2865 317836 8.44889 5.82373 0 0 0 0 0 0 0 0
MemSizeFV684
MemSize1518
MemSize1518
MemSize1518
MemSize1518
303 256 131593655 0 0 334236 17.9806 2920264 7.938 10.0031 0 0 0 0 0 0 0 0
MemSizeFV258
MemSize1284
MemSize1284
MemSize1284
MemSize1284
303 256 54885759 0 0 8840 10.7684 17891 0.711123 10.0034 0 0 0 0 0 0 0 0
MemSizeFV542
MemSize2704
MemSize2704
MemSize2704
MemSize2704
303 256 90443578 0 0 68725 11.0121 123418 1.0034 10.0035 0 0 0 0 0 0 0 0
MemSizeFV487
MemSize772
MemSize772
MemSize772
MemSize772
303 256 142775534 0 0 69302 12.7086 3904263 2.70457 10.0021 0 0 0 0 0 0 0 0
MemSizeFV2082
MemSize19338
MemSize19338
MemSize19316
MemSize19316
303 256 64116 10000076 0 23974 15.7563 34586 5.89377 9.32484 0 0 0 0 0 0 0 0
MemSizeFV2495
MemSize8672
MemSize8672
MemSize8672
MemSize8672
303 256 211 10000002 0 128243 12.4844 224030 8.99031 3.48296 0 0 0 0 0 0 0 0
MemSizeFV719
MemSize1577
MemSize1577
MemSize1577
MemSize1577
192 256 113689121 0 0 339994 17.4308 2467020 7.3961 10.0024 0 0 0 0 0 0 0 0
MemSizeFV240
MemSize944
MemSize944
MemSize944
MemSize944
192 256 58213266 0 0 7884 10.7778 17587 0.734412 10.0028 0 0 0 0 0 0 0 0
MemSizeFV540
MemSize2565
MemSize2565
MemSize2565
MemSize2565
192 256 106003215 0 0 78897 10.9778 141891 0.97127 10.0032 0 0 0 0 0 0 0 0
MemSizeFV496
MemSize803
MemSize803
MemSize803
MemSize803
192 256 141378786 0 0 69366 12.6673 4006893 2.66236 10.002 0 0 0 0 0 0 0 0
MemSizeFV1448
MemSize5351
MemSize5351
MemSize5351
MemSize5351
192 256 67194620 0 0 16869 12.5636 32342 2.54135 10.0032 0 0 0 0 0 0 0 0
MemSizeFV2395
MemSize6794
MemSize6794
MemSize6794
MemSize6794
192 256 95361 10000000 0 212960 11.3963 419954 8.63035 2.75989 0 0 0 0 0 0 0 0
MemSizeFV801
MemSize1747
MemSize1747
MemSize1747
MemSize1747
73 256 99856000 0 0 307992 17.4167 1630407 7.39213 10.0023 0 0 0 0 0 0 0 0
MemSizeFV233
MemSize821
MemSize821
MemSize821
MemSize821
73 256 46417150 0 0 12418 10.6953 27462 0.653797 10.0029 0 0 0 0 0 0 0 0
MemSizeFV537
MemSize2471
MemSize2471
MemSize2471
MemSize2471
73 256 133916300 0 0 62630 10.9523 122069 0.941279 10.0028 0 0 0 0 0 0 0 0
MemSizeFV593
MemSize1024
MemSize1024
MemSize1024
MemSize1024
73 256 82974628 0 0 66183 13.8165 6359257 3.81261 10.0022 0 0 0 0 0 0 0 0
MemSizeFV1485
MemSize6132
MemSize6132
MemSize6132
MemSize6132
73 256 121708959 0 0 67328 12.8286 94259 2.79854 10.0037 0 0 0 0 0 0 0 0
MemSizeFV2420
MemSize7330
MemSize7330
MemSize7330
MemSize7330
73 256 84277798 0 0 124977 18.7118 245969 8.69799 10.0047 0 0 0 0 0 0 0 0
MemSizeFV787
MemSize1718
MemSize1718
MemSize1718
MemSize1718
298 256 124776476 0 0 270240 17.5639 1198805 7.53217 10.0033 0 0 0 0 0 0 0 0
MemSizeFV228
MemSize750
MemSize750
MemSize750
MemSize750
298 256 56810038 0 0 15432 10.6913 36975 0.643664 10.0027 0 0 0 0 0 0 0 0
MemSizeFV541
MemSize2609
MemSize2609
MemSize2609
MemSize2609
298 256 150210593 0 0 70629 10.9701 135315 0.961924 10.0034 0 0 0 0 0 0 0 0
MemSizeFV608
MemSize1057
MemSize1057
MemSize1057
MemSize1057
298 256 76450422 0 0 67652 14.0605 5955696 4.05564 10.0024 0 0 0 0 0 0 0 0
MemSizeFV1460
MemSize5617
MemSize5617
MemSize5617
MemSize5617
298 256 97547975 0 0 24850 12.6319 42216 2.61001 10.0035 0 0 0 0 0 0 0 0
MemSizeFV2385
MemSize6205
MemSize6205
MemSize6205
MemSize6205
298 256 1030 10000000 0 235557 13.3619 500571 10.8511 2.50206 0 0 0 0 0 0 0 0
MemSizeFV829
MemSize1838
MemSize1838
MemSize1838
MemSize1838
140 256 123079604 0 0 298911 17.6594 1391643 7.62049 10.0036 0 0 0 0 0 0 0 0
MemSizeFV233
MemSize812
MemSize812
MemSize812
MemSize812
140 256 109357701 0 0 10529 10.6937 23152 0.652438 10.0023 0 0 0 0 0 0 0 0
MemSizeFV552
MemSize3355
MemSize3355
MemSize3355
MemSize3355
140 256 138026847 0 0 50627 11.0957 90061 1.08539 10.0037 0 0 0 0 0 0 0 0
MemSizeFV563
MemSize1005
MemSize1005
MemSize1005
MemSize1005
140 256 61559562 0 0 67760 13.6651 6182207 3.65673 10.0028 0 0 0 0 0 0 0 0
MemSizeFV1586
MemSize8328
MemSize8328
MemSize8328
MemSize8328
140 256 14092023 0 0 33749 13.1665 51071 3.07458 10.0031 0 0 0 0 0 0 0 0
MemSizeFV2384
MemSize6054
MemSize6054
MemSize6054
MemSize6054
140 256 342 10000004 0 213937 10.8679 449162 8.6243 2.2391 0 0 0 0 0 0 0 0
